0 1
0 2
0 3
0 4
0 5
0 6
0 7
0 8
0 9
0 10
0 11
1 0
1 6
1 7
2 0
2 6
2 8
3 0
3 6
3 9
4 0
4 6
4 10
5 0
5 6
5 11
6 7
6 8
6 9
6 10
6 11
6 12
6 13
6 14
6 15
6 16
6 17
7 6
7 12
7 13
8 6
8 12
8 14
9 6
9 12
9 15
10 6
10 12
10 16
11 6
11 12
11 17
12 13
12 14
12 15
12 16
12 17
12 18
12 19
12 20
12 21
12 22
12 23
13 12
13 18
13 19
14 12
14 18
14 20
15 12
15 18
15 21
16 12
16 18
16 22
17 12
17 18
17 23
18 19
18 20
18 21
18 22
18 23
18 24
18 25
18 26
18 27
18 28
18 29
19 18
19 24
19 25
20 18
20 24
20 26
21 18
21 24
21 27
22 18
22 24
22 28
23 18
23 24
23 29
24 25
24 26
24 27
24 28
24 29
24 30
24 31
24 32
24 33
24 34
24 35
25 24
25 30
25 31
26 24
26 30
26 32
27 24
27 30
27 33
28 24
28 30
28 34
29 24
29 30
29 35
30 31
30 32
30 33
30 34
30 35
31 30
32 30
33 30
34 30
35 30)